0 777 0 4 1 1
1 1 1 1 1 1
38879 19958 21293 4 46 61
80876 10631 23518 95 1 53
68735 75067 49438 9 95 74
54566 35798 29608 97 7 84
71751 59120 17983 81 35 51
84411 48246 53603 84 43 68
9101 45418 98192 97 87 45
29254 24753 71159 60 65 13
39056 22515 75742 52 19 26
3118 2189 34033 30 19 67
82653 79633 82275 77 31 52
44240 22496 58669 54 26 6
49073 88794 86322 28 16 18
89420 25166 85871 17 52 57
44976 16106 72310 85 58 9
29540 63838 5140 55 26 47
72585 4103 80973 9 66 14
69877 87776 24096 4 12 65
61319 10886 38492 54 46 25
75944 77577 9552 42 4 78
77023 70054 65076 91 51 53
52125 57298 32444 59 78 43
11577 47979 26439 55 66 44
76225 22543 13675 17 35 59
73706 21981 73777 29 60 33
98316 25661 92340 89 11 59
79284 84290 9315 1 63 7
6895 45278 21395 13 87 58
76206 92410 15427 4 14 70
69373 37758 38998 35 93 52
35128 36601 95529 66 93 97
67278 23025 66097 56 33 62
92910 79658 94614 96 18 66
69339 96276 42726 28 93 84
50564 43024 96297 45 12 18
17713 80701 36639 96 12 42
1812 66492 31582 53 24 54
44140 44221 38458 35 50 7
2048 56343 82378 48 95 18
83692 95516 97482 39 42 21
0 0 0 0 0 0
123 0 0 1 0 0
0 123 0 0 1 0
0 0 123 0 0 1
100000 100000 100000 100 100 100
0 0 0 100 100 100
100000 100000 100000 1 1 1